00000000000000000000000000000000
00000000101000000000010100010011
00000000100000000000000011101111
00000100100000000000000001101111
11111111000000010000000100010011
00000000000100010010010000100011
00000000101000010010000000100011
11111111111101010000001010010011
00000000000000101010001110110011
00000000000000111000100001100011
00000000000000000000010100010011
00000001000000010000000100010011
00000000000000001000000001100111
11111111111101010000010100010011
11111101100111111111000011101111
00000000000001010000001100010011
00000000000000010010010100000011
00000000100000010010000010000011
00000001000000010000000100010011
00000000011001010000010100110011
00000000000000001000000001100111
00000000000000000000000000000000
